28.61	18.58	21.92	25.51	43.44	27.47	29.33	18.79	22.16	26.1	45.63	40.51	29.79	18.77	22.74	26.33	46.57	28.55	29.16	18.98	21.89	25.69	45.65	22.12
16.77	14.5	16.29	19.71	24.69	15.03	17	14.69	17.03	18.67	28.9	13.17	16.63	13.82	16.73	18.54	30.73	14.07	18.22	15.77	16.82	21.4	32.81	7.98
16.77	14.5	16.29	19.71	24.69	15.03	17	14.69	17.03	18.67	28.9	13.17	16.63	13.82	16.73	18.54	30.73	14.07	18.22	15.77	16.82	21.4	32.81	7.98
26.68	20.87	23.15	24.28	40.47	27.2	27.19	21.36	23.4	24.82	41.04	61.05	27.77	21.43	23.92	25.14	43.92	41.26	26.54	21.26	22.65	24.22	41.31	24.31
45.96	22.14	27.03	39.36	59.38	66.45	47.29	21.45	28.99	38.92	61.35	232.56	45.87	25.43	28.77	39.05	61.78	74.01	44.1	21.34	26.48	37.25	61.11	33.35
45.96	22.14	27.03	39.36	59.38	66.45	47.29	21.45	28.99	38.92	61.35	232.56	45.87	25.43	28.77	39.05	61.78	74.01	44.1	21.34	26.48	37.25	61.11	33.35
44.89	21.15	25.02	39.24	64.3	66.45	44.01	21.8	29.61	37.79	60.4	232.56	45.1	23.76	29.59	37.48	66.27	208.33	44.22	20.92	27.07	33.54	72.1	33.35
47.08	25.05	30.49	39.5	55.7		50.85	17.97	28.19	40.17	62.07		46.68	30.48	27.48	40.5	58.3	16.67	43.97	24.03	25.31	41.23	51.64	
28.09	24.6	25.79	26.51	42.95	20.99	29.59	26.54	26.28	28.39	44.12	38.94	29.02	25.04	26.33	27.47	46.4	31.04	28.51	25.37	25.69	26.45	45.11	23.76
25	17.39	21	22.85	37.67	24.09	24.96	16.78	21.06	22.95	37.8	45.47	26.07	17.94	21.83	23.58	41.09	16.44	24.5	17.67	20.22	22.74	37.71	20.83
31.47	19.89	22.78	26.72	44.73	29.45	32.3	19.87	22.77	27.45	47.26	30.14	32.82	20.35	23.62	27.61	47.64	25.56	32.12	19.67	22.81	26.78	47.06	25.45
23.93	17.78	20.55	22.6	31.02	18.36	24.48	18.51	21.53	23.25	31.55	33.73	25.17	17.99	22.08	23.65	33.61	22.07	24.55	17.87	21.59	23.36	31.96	21.29
31.01	25.33	23.48	25.14	41.92	20.83	33.55	33.04	26.25	25.42	46.08		32.74	24.56	24.62	25.8	44.94	22.96	32.07	22.17	23.17	26.54	43.66	15
22.87	17.13	20.2	22.22	28.79	18.25	23.11	17.32	20.96	22.92	28.41	33.73	24.11	17.51	21.81	23.35	31.18	21.94	23.4	17.47	21.41	22.88	29.29	23.54
34.76	20.94	23.96	28.74	49.18	34.61	35.92	20.58	23.48	29.66	52.53	29.32	36.28	21.62	24.47	29.67	52.08	28.3	35.46	20.63	23.46	28.5	51.88	28.04
29.22	21.66	26.05	26.43	36.94	19.47	30.24	20.52	24.01	27.37	40.62	22.14	29.13	22.14	24.29	26.13	38.65	16.78	30.53	22.53	23.35	26.42	43.63	14.05
27.42	21.7	26.06	26.14	32.62	19.47	27.82	20.6	23.89	26.76	35.75	22.14	26.94	22.26	24.18	25.32	34.38	16.78	27.84	22.65	23.29	25.58	38.19	14.05
40.8	19.68	26.04	28.94	48.78		45.03	15.99	27.04	33.06	52.06		41.89	15.58	26.73	32.75	48.16		47.1	13.98	24.45	33.74	57.06	
37.59	20.88	22.35	27.31	49.43	28.71	40.01	21.48	21.56	32.55	51.43	23	43.49	22.74	23.49	37.71	54.43	46.52	38.53	20.33	22.62	27.14	50.93	78.45
48.91	13.8	29.63	35.45	53.39		47.91	25.13	30.86	41.61	50.52	27.91	50.43	45.46	33.26	38.37	54.79		49.73	24.19	28.45	35.37	54.64	
45.21	27.81	23.79	42.37	57.62	16.67	54.65	29.07	32.74	62.74	64.99	41.67	53.49	32.83	33.6	45.53	74.7		61.52	38.57	34.32	47.95	88.61	
48.77	39.27	32.56	31.07	54.56	48.12	51.93	29.93	25.22	34.17	57.77		53.63	42.92	28.6	35.7	59.06	105.71	47.79	42.9	29.86	30.47	51.97	116.07
69.99	15	15.5	33.27	76.8		78.73	9.09	48.6	42.63	91.08		55.37		77.9	47.6	55.83		99.89		69.48	103.2	102.16	
24.78	18.07	20.22	22.57	33.57	16.94	25.76	19.91	18.98	25.67	33.93	19.46	32.28	19.95	20.33	36.87	39.45	24.19	23.22	17.65	19.13	21.24	32.14	14.98
53.6	21.32	28.04	41.29	59.53	29.07	57.86	18.56	28.53	39.5	67.39	27.22	55.75	25.33	27.24	39.76	63.37	31.94	56.27	21.93	27.02	42.52	63.1	20.37
57.79	21.15	30.9	45.25	62.67		64.65	21.16	32.85	45.17	72.81	27.22	60.27	27.68	28.21	45.2	66.05	33.21	60.32	21.66	26.98	47.74	65.32	20.37
46.02	21.51	24.63	36.52	52.74	29.07	48.84	15.3	24.43	34.33	58.91		47.75	22.71	26.09	33.85	57.5	30.33	48.81	22.16	27.05	36.41	58	
27.18	21.22	23.56	28.19	38.54	22.64	27.22	20.3	22.99	28.88	39.75	15.91	27.13	21.35	24.61	27.06	38.98	16.71	26.62	20.21	23.62	26.08	41.9	17.02
58.06	39.46	52.04	61.1	62.08		59.36	30.82	55.06	63.14	62.83		55.66	38.39	47.98	49.37	72.83		55.45	21.04	53.06	39.31	81.76	
24.53	20.58	22.1	25.13	33.55	22.64	24.74	20.01	21.64	25.63	35.7	15.91	24.54	20.75	23.2	24.72	32.29	16.71	24.2	20.19	21.99	24.79	33.69	17.02
23.67	19.6	23.08	22.55	30.42	65.99	24.6	20.38	23.38	23.57	31.8	20.07	24.49	21.01	23.86	22.71	31.84	25.34	23.77	20.47	22.1	23.26	29.62	14.68
39.95	22.5	25.56	29.8	50.23	49.82	41.95	23.51	26.13	30.62	53.25	88.13	41.51	22.32	25.79	30.85	52.76	66.74	40.34	22.17	26.4	30.11	51.85	43.8
21.04	18.82	16	19.9	29.2		23.38	18.73	17.95	19.43	46.86		27.21	15.44	21.73	31.72	41.5		21.91	21.99	16.19	19.82	33.04	