142	594	592	25	567	2	404	1038	2544	2651	1038	1613	2438	2438	0	55513	3024	2438	0	0	0	2541	107	0	0	0	0	1	2	443	149	0	445	149	0	23	2	0	23	21	2	0	2	2	0	0	420	147	0	2	0	0	0	0	0	0	2	2	0	0	347	57	0	0	0	0	0	0	586	0	65	203	57	0	2	0	0	0	9	7	0	0	13	0	0	0	96	1145	0	0	2541	0	2	2674	0	0	0	0	0	0	0	0	0	0	0	0	2050	213	22	0	52424	2656	2406	0	894	119	10	0	0	0	0	0	145	36	0	0
*	226	226	28	198	0	843	2216	4469	4494	2211	2283	60	63	3	31018	1899	60	0	36	39	4195	0	0	0	0	0	175	124	197	29	283	197	29	283	28	0	52	24	24	0	45	4	4	0	7	169	29	231	0	0	0	0	0	0	0	0	0	0	0	646	72	58	0	67	0	0	0	865	37	649	1	188	0	0	37	50	0	43	0	0	0	340	0	0	0	6	2463	0	0	4170	0	124	5169	0	0	0	0	0	0	0	0	0	36	39	3	3530	353	60	0	26858	1344	0	0	517	181	0	0	39	14	0	0	74	7	0	0
*	1545	1537	1500	37	8	314894	606854	3428196	3318792	750143	2568649	272590	348734	76144	12656960	297015	335886	63296	266629	342773	214137	37862	830	0	0	0	627	3065336	1242	295	3962	1249	296	3977	1213	287	3911	1187	1008	179	3208	313	205	108	703	29	8	51	7	1	15	3	2	1	8	5	5	0	7	138168	32345	35847	108534	0	3468	825	4189	19113	2142	5514	51616	1951	50	579	5900	513	947	2153	0	5799	0	20798	0	2360	1088	481317	1885903	0	825	3295334	0	130580	4365861	0	0	0	0	0	0	0	0	0	266629	342773	76144	6836079	184976	98355	36562	3569862	51670	166238	2661	83828	3228	10220	4340	59645	2018	8620	3374	2107546	55123	52453	16359
126	2610	2146	2038	108	464	104147	709710	920509	928692	707398	221294	25912	55152	29240	1119874	207928	31130	5218	22475	51715	902271	663	0	0	1040	22715	529	1474	1900	246	4377	2349	261	5502	1820	218	4198	1627	1567	60	3190	411	253	158	1008	80	28	179	449	15	1125	447	435	12	1088	17	14	3	37	48691	42248	11914	576	718	2998	2312	7736	436316	2790	27142	942	18435	8600	433	7195	8859	1111	3468	10	3948	593	16602	6	2911	288	160013	720200	0	3263	892528	0	1474	930598	0	1	90	89	0	0	0	0	0	22474	51625	29151	534353	155103	12472	1592	441975	22601	10504	0	93865	19916	5538	3514	33239	8873	1442	72	16442	1435	1174	40
7959	57870	50683	35094	15589	7187	2652439	28340378	42281661	42752329	28188052	14564277	625218	1102882	477664	19394786	1703790	795929	170711	3411423	3889087	40493247	7274	1884812	38709	25803	56392	16959	229133	29482	21201	108939	35138	22732	126283	21127	13967	80325	29180	17675	11505	66058	5914	3452	2462	14267	8355	7234	28614	5656	1531	17344	6811	5373	1438	16526	376	283	93	818	1398114	648834	380432	165958	59101	49305	152326	14713	19363273	46903	1282327	1500703	378986	977474	16903	357947	179222	145010	71202	1266017	78627	189977	719905	711038	75558	25593	786674	29003777	0	178103	39916262	0	229133	42536150	0	4514	32476	27962	1284077	1489571	205494	293019	331728	1829813	2035312	205499	12959226	1251398	474051	39817	4935411	191469	69401	885	619712	121331	44884	15811	267579	52236	28239	2316	612858	87356	179354	111882
1324	5629	5285	3116	2169	344	251618	4256651	5043392	1211609	410444	801165	31107	45632	14525	492828	65487	36395	5288	236316	250841	144	0	44	0	1204121	4921	363	2016	3771	1514	12664	4072	1557	13413	2392	724	7705	2706	2155	551	6714	410	237	173	991	1379	790	4959	301	43	749	310	272	38	669	34	29	5	80	175719	31040	28356	9607	6896	3602	3846207	2553	54	5189	65380	12325	36751	35612	1015	46967	254	24437	40315	3088	3448	3331	18458	44224	4576	569	61898	4324740	0	5035904	144	0	2016	5050743	0	236142	250566	14424	3	2	-1	0	0	171	273	102	69288	6155	5033	424	172306	8400	1199	5	184052	43812	21155	4470	11870	2647	1533	28	55312	4473	7475	361
25080	54523	52668	9599	43069	1855	410890	11897074	13482552	2739639	1027060	1712579	117127	270568	153441	2337800	224845	126340	9213	920553	1073994	2636	2	997	0	2624825	49822	8234	53123	22610	30058	130197	23705	30818	135350	5017	4582	24677	8453	4381	4072	21675	1146	636	510	3002	17593	25476	105520	1095	760	5153	1487	863	624	4195	368	232	136	958	303071	55255	37566	9848	5150	5756	10870014	32670	27201	18127	89531	108227	265624	129945	18397	30989	6282	30333	31596	41531	7285	8422	47547	29634	3351	755	99613	12013771	0	13341318	28785	273	53123	13541158	0	914801	1068322	153521	609	1220	611	0	0	5143	4452	-691	312648	31554	34651	883	1380768	72324	16491	1152	286885	72044	26201	6530	54665	13527	9338	72	302834	35396	39659	576
91	1955	1799	1435	364	156	133726	458836	1393042	1397974	334537	1063437	101872	88706	-13166	1447375	333446	105523	3651	13828	662	0	4932	0	0	0	560187	915	831940	1535	264	4575	1685	270	5027	1218	217	3713	1117	1054	63	2982	318	164	154	731	317	47	862	150	6	452	33	28	5	89	123	122	1	363	72211	26749	9007	22956	2803	1648	0	2261	0	1682	194926	1222	4903	4101	6155	2428	8	720	4289	2	10752	3	36124	0	3843	1470	183947	475764	0	0	0	0	831940	1436456	0	0	0	0	0	0	0	0	0	13828	662	-13166	543255	126099	95917	3514	828594	190959	1246	0	57256	13833	7814	105	3095	777	378	26	15175	1778	168	6
144	1251	1146	985	161	105	256545	780858	1425031	1424195	780021	644174	134415	138388	3973	1092732	161154	136555	2140	39441	43414	0	1	0	0	1496	1417274	1	5423	662	484	2722	734	517	2931	585	400	2298	837	496	341	1943	148	89	59	355	77	84	424	72	33	209	94	64	30	187	11	8	3	22	173522	24103	35531	4408	18981	146	837	483630	0	2014	6609	14836	41575	9498	254	2789	0	17823	7043	98	3557	10941	25956	714	3171	266	149247	916347	0	2333	0	0	5423	1464923	0	195	195	0	0	0	0	0	0	39246	43219	3973	797507	144107	127026	1202	96389	675	612	22	7736	1396	421	22	129069	4845	4353	378	62031	10131	4143	516
125	694	573	522	51	121	30498	39555	98875	119471	38990	80481	5808	5965	157	27908	5252	5916	108	1408	1565	0	1	0	0	-502	98035	0	21937	257	316	1194	318	376	1411	227	295	1092	374	172	202	782	148	55	93	310	30	21	102	61	60	217	43	15	28	55	78	46	32	162	19128	8765	2160	360	85	55	565	12700	0	1707	1227	1137	8739	1997	2310	1227	0	2578	2086	51	0	0	2148	75	0	0	1008	46646	0	128	0	0	712	123613	0	540	475	-65	0	0	0	0	0	868	1090	222	632	64	94	0	7889	395	1700	23	2640	927	794	41	8666	3045	1513	20	8081	821	1815	24
573	1706	1551	522	1029	155	15671	79394	121563	120403	78192	42211	4167	4293	126	205816	18262	4323	156	1487	1613	0	37	0	0	1060	108756	10284	266	1066	485	2799	1164	542	3069	368	154	1045	455	333	122	905	67	35	32	140	698	331	1754	98	57	270	15	8	7	13	140	90	50	257	11819	2845	562	198	247	5	1202	46839	0	851	4878	2044	4507	40	2850	7776	459	1091	1859	140	0	0	4042	135	0	0	681	80731	0	2257	0	0	266	122715	0	301	306	5	0	0	0	0	0	1186	1307	121	26006	2603	1169	26	143251	7200	1940	30	17409	6112	354	60	1534	533	94	0	17616	1814	766	40
746	2498	2359	1110	1249	139	63286	75120	197492	192101	69505	122596	4622	4636	14	96239	12532	4887	265	1138	1152	0	223	0	0	1080	189197	512	1089	1362	997	4776	1452	1046	5023	555	555	2245	834	444	390	1685	276	111	165	560	807	442	2531	90	49	247	35	16	19	42	104	74	30	205	41454	16681	2988	639	1524	412	5615	28218	0	4229	5559	2106	9339	844	3277	5057	721	792	4807	254	0	0	1155	90	0	0	3057	79230	0	6694	0	0	1089	213931	0	194	195	1	0	0	0	0	0	944	957	13	10943	1110	937	0	52118	2638	527	1	10980	3857	1708	211	10660	3740	1006	52	11538	1187	709	1
																																																																																																																													
1063	5063	4927	3325	1602	136	236343	98978	410936	408556	96317	312239	7014	6825	-189	116986	20383	7428	414	1661	1472	0	349	0	0	7157	397794	2815	441	3202	1725	10562	3295	1768	10924	2290	1035	7032	2056	1185	871	5161	1269	1105	164	1871	912	690	3530	93	43	362	111	79	32	318	25	14	11	44	77566	119413	18822	18680	1862	5211	2661	35907	0	4889	4860	5254	16963	3499	289	4448	0	645	9471	251	406	292	4651	11	1508	216	2757	102836	0	9886	0	0	441	412919	0	402	334	-68	0	0	0	0	0	1259	1138	-121	23788	2481	3143	43	39678	2382	413	15	8481	2635	690	239	32781	11529	2477	113	12258	1356	705	4
493	4828	4544	3842	702	284	160760	98627	324992	324998	98494	226504	4188	4224	36	337364	26439	4858	670	425	461	0	140	0	0	5	323090	216	1547	1576	2968	7837	1703	3125	8392	1267	2575	6752	3136	1001	2135	5392	706	266	440	1360	309	393	1085	127	157	555	26	10	16	47	258	117	141	508	108818	33530	11498	2061	4853	1011	133	20486	0	5858	1939	3518	16815	1709	12990	6656	0	4524	4874	25	107	788	8601	501	352	35	8716	102965	0	139	0	0	1547	327247	0	4	3	-1	0	0	0	0	0	421	458	37	2710	274	320	0	279897	15452	944	150	4261	1403	130	0	16684	5764	1586	185	33812	3546	1878	335
1379	4185	4101	1630	2471	84	56457	123495	251080	249868	122006	127862	9207	8872	-335	579392	61113	9353	146	3611	3276	0	277	0	0	883	246084	1205	1419	1797	2304	10288	1847	2338	10514	340	1290	4512	1321	238	1083	3739	309	102	207	773	1457	1014	5776	50	34	226	17	10	7	56	67	40	27	170	42211	8752	3285	567	1642	15894	1489	56026	0	4713	3413	5544	19327	768	3912	5687	730	2014	6852	422	0	0	6644	0	151	1	5802	129923	0	2372	0	0	1419	259229	0	85	85	0	0	0	0	0	0	3526	3191	-335	223048	15101	4650	51	192729	9719	1608	1	18459	6478	1546	90	52899	16168	359	1	92257	13647	1190	3
617	1445	1400	382	1018	45	8765	29437	53317	52340	28235	24105	1244	1276	32	89922	6775	1322	78	504	536	0	195	0	0	311	51144	461	229	909	491	2750	933	512	2848	267	115	800	363	257	106	750	19	10	9	50	642	376	1950	24	21	98	1	0	1	2	44	24	20	96	7888	646	137	66	28	1	1202	16170	0	306	523	1774	5617	38	493	976	0	457	426	40	0	0	848	181	30	0	356	29890	0	1483	0	0	229	54421	0	114	144	30	0	0	0	0	0	390	392	2	15832	1605	654	74	58457	2973	25	1	1246	420	4	0	1417	498	124	3	12970	1279	515	0
3391	10297	9891	3483	6408	406	108758	496360	824605	808950	478826	330124	143865	143989	124	1075187	96779	144152	287	4263	4387	0	1792	0	0	12112	793180	805	1061	4203	5688	21747	4423	5874	22766	1635	1848	8673	3238	1487	1751	8047	245	148	97	626	2568	3840	13074	220	186	1019	279	149	130	704	127	71	56	315	85385	14085	6280	1935	1073	463	17534	313767	0	2805	25782	19157	47271	11600	3852	3860	36	5464	5608	11804	694	2092	7488	265	219	149	16913	506724	0	29559	0	0	1061	827626	0	827	914	87	0	0	0	0	0	3436	3473	37	48035	3543	2470	109	675606	16971	9602	0	265989	66514	128458	128	5597	940	216	5	79960	8811	3406	45
6084	12019	11577	2981	8596	442	136688	366411	673378	665810	356826	308984	8998	9092	94	574436	46059	9602	604	9508	9602	0	1915	0	0	1729	660525	1018	623	8269	3308	25055	8613	3406	26141	2245	736	6941	2600	2006	594	6038	381	239	142	903	6024	2572	18114	344	98	1086	23	15	8	50	419	329	90	1036	107988	16050	9456	423	2771	199	9585	178797	0	5021	51143	15189	46930	2037	10074	5817	2406	2319	6965	2933	420	0	19596	294	339	17	6529	376732	0	11212	0	0	623	689449	0	1891	1993	102	0	0	0	0	0	7617	7609	-8	119903	11553	3973	352	377630	19250	1849	29	24709	8525	523	107	5803	2031	488	82	46391	4700	2769	34